,month,hour,AgeGroup,Counting
0,01,00,<30,4
1,01,00,>60,5
2,01,01,>60,13
3,01,02,30-59,1
4,01,03,30-59,1
5,01,03,>60,2
6,01,04,30-59,1
7,01,05,30-59,2
8,01,05,<30,4
9,01,06,>60,1
10,01,10,30-59,1
11,01,10,>60,2
12,01,12,<30,1
13,01,14,30-59,1
14,01,15,30-59,3
15,01,18,30-59,1
16,01,19,30-59,11
17,01,21,30-59,4
18,01,21,<30,1
19,01,22,30-59,32
20,01,22,<30,2
21,01,22,>60,15
22,01,23,30-59,2
23,01,23,<30,4
24,01,23,>60,2
25,02,00,30-59,1
26,02,00,>60,6
27,02,01,<30,1
28,02,01,>60,5
29,02,02,30-59,1
30,02,03,>60,1
31,02,04,30-59,6
32,02,05,30-59,1
33,02,06,30-59,2
34,02,06,>60,1
35,02,08,30-59,1
36,02,08,>60,16
37,02,11,30-59,2
38,02,12,30-59,3
39,02,13,30-59,2
40,02,13,<30,1
41,02,14,30-59,5
42,02,14,>60,1
43,02,15,30-59,1
44,02,17,30-59,1
45,02,18,>60,4
46,02,19,30-59,4
47,02,21,>60,1
48,02,22,30-59,22
49,02,22,>60,11
50,02,23,30-59,6
51,02,23,<30,1
52,02,23,>60,1
53,03,00,30-59,26
54,03,00,>60,20
55,03,01,30-59,4
56,03,01,>60,46
57,03,02,30-59,27
58,03,02,>60,63
59,03,03,30-59,13
60,03,03,>60,78
61,03,04,30-59,4
62,03,04,>60,34
63,03,05,30-59,4
64,03,05,>60,2
65,03,06,30-59,3
66,03,07,30-59,15
67,03,07,>60,1
68,03,08,30-59,79
69,03,08,>60,8
70,03,09,30-59,31
71,03,10,30-59,2
72,03,11,30-59,118
73,03,11,>60,1
74,03,12,30-59,5
75,03,12,>60,1
76,03,13,30-59,6
77,03,13,>60,2
78,03,14,30-59,76
79,03,14,<30,1
80,03,14,>60,6
81,03,15,30-59,51
82,03,15,>60,6
83,03,16,30-59,10
84,03,16,>60,2
85,03,17,30-59,11
86,03,18,30-59,25
87,03,18,>60,2
88,03,19,30-59,59
89,03,19,>60,1
90,03,20,30-59,26
91,03,20,>60,14
92,03,21,30-59,23
93,03,21,>60,7
94,03,22,30-59,100
95,03,22,>60,22
96,03,23,30-59,21
97,03,23,>60,23
98,04,00,30-59,3
99,04,00,<30,2
100,04,00,>60,9
101,04,01,30-59,11
102,04,01,>60,36
103,04,02,30-59,18
104,04,02,<30,1
105,04,02,>60,61
106,04,03,30-59,13
107,04,03,>60,39
108,04,04,30-59,12
109,04,04,>60,37
110,04,05,30-59,7
111,04,05,>60,5
112,04,06,30-59,12
113,04,07,30-59,97
114,04,07,>60,1
115,04,08,30-59,14
116,04,08,>60,2
117,04,09,30-59,8
118,04,09,>60,1
119,04,10,30-59,11
120,04,11,30-59,18
121,04,12,30-59,1
122,04,12,>60,2
123,04,13,30-59,1
124,04,13,>60,3
125,04,14,30-59,10
126,04,15,30-59,124
127,04,16,30-59,7
128,04,17,30-59,4
129,04,18,30-59,36
130,04,18,>60,2
131,04,19,30-59,26
132,04,20,30-59,53
133,04,20,>60,7
134,04,21,30-59,5
135,04,21,>60,18
136,04,22,30-59,13
137,04,22,>60,4
138,04,23,30-59,7
139,04,23,<30,1
140,04,23,>60,6
141,05,00,30-59,7
142,05,01,30-59,1
143,05,01,>60,3
144,05,02,30-59,4
145,05,02,<30,1
146,05,03,30-59,1
147,05,03,<30,1
148,05,03,>60,2
149,05,04,30-59,5
150,05,04,>60,2
151,05,06,30-59,3
152,05,07,30-59,3
153,05,07,>60,1
154,05,08,30-59,3
155,05,09,30-59,2
156,05,09,>60,4
157,05,10,30-59,3
158,05,10,>60,1
159,05,11,30-59,3
160,05,11,<30,1
161,05,11,>60,1
162,05,12,30-59,7
163,05,12,<30,1
164,05,12,>60,1
165,05,13,30-59,3
166,05,13,<30,2
167,05,14,30-59,8
168,05,14,<30,1
169,05,15,30-59,6
170,05,16,30-59,6
171,05,17,30-59,4
172,05,18,30-59,7
173,05,19,30-59,12
174,05,20,30-59,6
175,05,21,30-59,234
176,05,22,30-59,35
177,05,22,>60,8
178,05,23,30-59,40
179,05,23,<30,19
180,06,00,30-59,49
181,06,00,<30,1
182,06,00,>60,32
183,06,01,30-59,2
184,06,01,<30,4
185,06,01,>60,2
186,06,02,30-59,2
187,06,02,<30,5
188,06,03,30-59,2
189,06,03,>60,3
190,06,04,30-59,1
191,06,05,30-59,10
192,06,05,>60,4
193,06,06,30-59,1
194,06,07,30-59,1
195,06,08,30-59,1
196,06,10,30-59,5
197,06,11,30-59,3
198,06,11,>60,3
199,06,12,30-59,1
200,06,13,30-59,1
201,06,14,30-59,5
202,06,15,30-59,1
203,06,17,30-59,2
204,06,19,30-59,4
205,06,20,30-59,1
206,06,20,>60,1
207,06,21,30-59,4
208,06,21,>60,4
209,06,22,30-59,36
210,06,22,<30,5
211,06,22,>60,49
212,06,23,30-59,41
213,06,23,>60,10
214,07,00,30-59,2
215,07,00,<30,2
216,07,00,>60,9
217,07,01,30-59,2
218,07,01,>60,7
219,07,02,30-59,8
220,07,02,<30,1
221,07,02,>60,4
222,07,03,30-59,5
223,07,03,>60,5
224,07,04,30-59,2
225,07,04,>60,21
226,07,05,30-59,3
227,07,05,>60,7
228,07,06,30-59,2
229,07,06,>60,16
230,07,07,30-59,4
231,07,07,>60,13
232,07,08,30-59,8
233,07,08,>60,35
234,07,09,30-59,21
235,07,09,>60,51
236,07,10,30-59,7
237,07,10,>60,29
238,07,11,30-59,10
239,07,11,>60,24
240,07,12,30-59,5
241,07,12,>60,14
242,07,13,30-59,4
243,07,13,>60,27
244,07,14,30-59,8
245,07,14,>60,20
246,07,15,30-59,9
247,07,15,>60,20
248,07,16,30-59,2
249,07,16,>60,16
250,07,17,30-59,204
251,07,17,>60,28
252,07,18,30-59,42
253,07,18,>60,33
254,07,19,30-59,15
255,07,19,>60,26
256,07,20,30-59,8
257,07,20,>60,24
258,07,21,30-59,10
259,07,21,>60,22
260,07,22,30-59,31
261,07,22,>60,19
262,07,23,30-59,17
263,07,23,>60,8
264,08,00,30-59,6
265,08,00,>60,5
266,08,01,30-59,16
267,08,01,<30,2
268,08,01,>60,16
269,08,02,30-59,9
270,08,02,>60,3
271,08,03,30-59,1
272,08,03,>60,9
273,08,04,30-59,1
274,08,04,>60,8
275,08,05,30-59,2
276,08,05,>60,3
277,08,06,30-59,4
278,08,06,>60,3
279,08,07,>60,14
280,08,08,30-59,4
281,08,08,>60,6
282,08,09,>60,13
283,08,10,>60,41
284,08,11,30-59,18
285,08,11,>60,45
286,08,12,30-59,2
287,08,12,>60,4
288,08,13,30-59,3
289,08,13,>60,7
290,08,14,30-59,7
291,08,14,>60,77
292,08,15,30-59,5
293,08,15,>60,45
294,08,16,30-59,11
295,08,16,>60,10
296,08,17,30-59,3
297,08,17,>60,5
298,08,18,30-59,4
299,08,18,>60,57
300,08,19,30-59,4
301,08,19,>60,25
302,08,20,30-59,1
303,08,20,>60,21
304,08,21,30-59,2
305,08,21,>60,53
306,08,22,30-59,79
307,08,22,>60,17
308,08,23,30-59,15
309,08,23,>60,7
310,09,00,30-59,102
311,09,00,>60,31
312,09,01,30-59,10
313,09,01,>60,31
314,09,02,30-59,15
315,09,02,>60,47
316,09,03,30-59,17
317,09,03,>60,48
318,09,04,30-59,8
319,09,04,>60,30
320,09,05,30-59,2
321,09,05,<30,2
322,09,05,>60,25
323,09,06,30-59,3
324,09,06,>60,20
325,09,07,30-59,5
326,09,07,>60,34
327,09,08,30-59,36
328,09,08,>60,12
329,09,09,30-59,15
330,09,09,>60,58
331,09,10,30-59,26
332,09,10,<30,1
333,09,10,>60,51
334,09,11,30-59,37
335,09,11,<30,1
336,09,11,>60,135
337,09,12,30-59,13
338,09,12,>60,92
339,09,13,30-59,15
340,09,13,<30,7
341,09,13,>60,42
342,09,14,30-59,46
343,09,14,>60,113
344,09,15,30-59,10
345,09,15,<30,1
346,09,15,>60,64
347,09,16,30-59,31
348,09,16,>60,75
349,09,17,30-59,3
350,09,17,>60,16
351,09,18,30-59,26
352,09,18,<30,1
353,09,18,>60,127
354,09,19,30-59,29
355,09,19,>60,121
356,09,20,30-59,15
357,09,20,>60,97
358,09,21,30-59,17
359,09,21,>60,45
360,09,22,30-59,157
361,09,22,<30,2
362,09,22,>60,91
363,09,23,30-59,52
364,09,23,>60,34
365,10,00,30-59,8
366,10,00,>60,3
367,10,01,30-59,1
368,10,01,>60,4
369,10,02,30-59,27
370,10,02,>60,1
371,10,03,30-59,31
372,10,03,>60,12
373,10,04,30-59,2
374,10,04,>60,4
375,10,05,30-59,5
376,10,06,30-59,10
377,10,07,30-59,15
378,10,08,30-59,3
379,10,08,>60,3
380,10,09,30-59,2
381,10,10,30-59,6
382,10,11,30-59,2
383,10,12,30-59,5
384,10,12,>60,1
385,10,13,30-59,4
386,10,14,30-59,1
387,10,15,30-59,16
388,10,16,30-59,1
389,10,17,30-59,1
390,10,18,30-59,3
391,10,19,30-59,11
392,10,19,>60,1
393,10,20,>60,2
394,10,21,30-59,5
395,10,21,>60,3
396,10,22,30-59,38
397,10,22,>60,14
398,10,23,30-59,12
399,10,23,>60,2
400,11,00,30-59,21
401,11,00,>60,4
402,11,01,30-59,9
403,11,01,>60,9
404,11,02,30-59,30
405,11,02,>60,15
406,11,03,30-59,9
407,11,03,>60,40
408,11,04,30-59,3
409,11,04,>60,40
410,11,05,30-59,1
411,11,05,>60,2
412,11,06,30-59,2
413,11,06,>60,2
414,11,07,30-59,27
415,11,08,30-59,9
416,11,08,>60,4
417,11,09,30-59,14
418,11,09,>60,4
419,11,10,30-59,6
420,11,10,>60,7
421,11,11,30-59,8
422,11,11,>60,1
423,11,12,30-59,2
424,11,12,>60,6
425,11,13,30-59,1
426,11,13,>60,90
427,11,14,30-59,17
428,11,14,>60,1
429,11,15,30-59,22
430,11,15,>60,3
431,11,16,30-59,3
432,11,16,>60,4
433,11,17,30-59,27
434,11,18,30-59,34
435,11,18,>60,4
436,11,19,30-59,24
437,11,19,>60,8
438,11,20,30-59,2
439,11,20,>60,14
440,11,21,30-59,13
441,11,21,>60,8
442,11,22,30-59,45
443,11,22,>60,25
444,11,23,30-59,8
445,11,23,>60,20
446,12,00,30-59,1
447,12,00,>60,8
448,12,01,30-59,4
449,12,01,>60,20
450,12,02,30-59,1
451,12,02,>60,1
452,12,03,30-59,4
453,12,03,>60,5
454,12,04,30-59,3
455,12,04,>60,9
456,12,05,30-59,3
457,12,06,>60,2
458,12,07,30-59,1
459,12,08,30-59,4
460,12,09,30-59,3
461,12,10,30-59,1
462,12,10,>60,6
463,12,11,30-59,2
464,12,11,>60,2
465,12,12,>60,1
466,12,14,30-59,1
467,12,15,30-59,4
468,12,17,30-59,2
469,12,18,30-59,4
470,12,19,30-59,5
471,12,19,>60,1
472,12,20,30-59,12
473,12,20,>60,1
474,12,21,>60,2
475,12,22,30-59,29
476,12,22,>60,21
477,12,23,30-59,4
478,12,23,>60,6
