,month,hour,Gender,Counting
0,01,00,F,4
1,01,00,M,5
2,01,01,M,13
3,01,02,F,1
4,01,03,F,2
5,01,03,M,1
6,01,04,F,1
7,01,05,F,6
8,01,06,M,1
9,01,10,M,3
10,01,12,F,1
11,01,14,M,1
12,01,15,F,1
13,01,15,M,2
14,01,18,F,1
15,01,19,M,11
16,01,21,F,2
17,01,21,M,3
18,01,22,F,9
19,01,22,M,40
20,01,23,F,5
21,01,23,M,3
22,02,00,M,7
23,02,01,M,6
24,02,02,F,1
25,02,03,F,1
26,02,04,F,6
27,02,05,F,1
28,02,06,M,3
29,02,08,F,16
30,02,08,M,1
31,02,11,F,1
32,02,11,M,1
33,02,12,F,2
34,02,12,M,1
35,02,13,F,2
36,02,13,M,1
37,02,14,F,2
38,02,14,M,4
39,02,15,F,1
40,02,17,F,1
41,02,18,M,4
42,02,19,F,1
43,02,19,M,3
44,02,21,F,1
45,02,22,F,5
46,02,22,M,28
47,02,23,F,5
48,02,23,M,3
49,03,00,F,33
50,03,00,M,13
51,03,01,F,32
52,03,01,M,18
53,03,02,F,67
54,03,02,M,23
55,03,03,F,51
56,03,03,M,40
57,03,04,F,30
58,03,04,M,8
59,03,05,F,4
60,03,05,M,2
61,03,06,F,1
62,03,06,M,2
63,03,07,F,1
64,03,07,M,15
65,03,08,F,7
66,03,08,M,80
67,03,09,M,31
68,03,10,M,2
69,03,11,F,1
70,03,11,M,118
71,03,12,F,1
72,03,12,M,5
73,03,13,F,2
74,03,13,M,6
75,03,14,F,8
76,03,14,M,75
77,03,15,F,10
78,03,15,M,47
79,03,16,F,5
80,03,16,M,7
81,03,17,F,4
82,03,17,M,7
83,03,18,F,1
84,03,18,M,26
85,03,19,F,1
86,03,19,M,59
87,03,20,F,14
88,03,20,M,26
89,03,21,F,13
90,03,21,M,17
91,03,22,F,38
92,03,22,M,84
93,03,23,F,30
94,03,23,M,14
95,04,00,F,11
96,04,00,M,3
97,04,01,F,41
98,04,01,M,6
99,04,02,F,44
100,04,02,M,36
101,04,03,F,37
102,04,03,M,15
103,04,04,F,40
104,04,04,M,9
105,04,05,F,11
106,04,05,M,1
107,04,06,F,7
108,04,06,M,5
109,04,07,F,1
110,04,07,M,97
111,04,08,F,2
112,04,08,M,14
113,04,09,F,2
114,04,09,M,7
115,04,10,F,4
116,04,10,M,7
117,04,11,F,2
118,04,11,M,16
119,04,12,F,2
120,04,12,M,1
121,04,13,F,3
122,04,13,M,1
123,04,14,M,10
124,04,15,M,124
125,04,16,M,7
126,04,17,M,4
127,04,18,F,2
128,04,18,M,36
129,04,19,M,26
130,04,20,F,7
131,04,20,M,53
132,04,21,F,4
133,04,21,M,19
134,04,22,F,16
135,04,22,M,1
136,04,23,F,11
137,04,23,M,3
138,05,00,F,5
139,05,00,M,2
140,05,01,M,4
141,05,02,F,1
142,05,02,M,4
143,05,03,F,1
144,05,03,M,3
145,05,04,F,2
146,05,04,M,5
147,05,06,F,2
148,05,06,M,1
149,05,07,M,4
150,05,08,M,3
151,05,09,M,6
152,05,10,M,4
153,05,11,M,5
154,05,12,F,1
155,05,12,M,8
156,05,13,M,5
157,05,14,M,9
158,05,15,F,2
159,05,15,M,4
160,05,16,M,6
161,05,17,F,1
162,05,17,M,3
163,05,18,F,1
164,05,18,M,6
165,05,19,F,2
166,05,19,M,10
167,05,20,M,6
168,05,21,F,223
169,05,21,M,11
170,05,22,F,17
171,05,22,M,26
172,05,23,F,37
173,05,23,M,22
174,06,00,F,39
175,06,00,M,43
176,06,01,F,6
177,06,01,M,2
178,06,02,F,7
179,06,03,M,5
180,06,04,F,1
181,06,05,F,9
182,06,05,M,5
183,06,06,M,1
184,06,07,M,1
185,06,08,M,1
186,06,10,F,5
187,06,11,F,5
188,06,11,M,1
189,06,12,M,1
190,06,13,M,1
191,06,14,F,1
192,06,14,M,4
193,06,15,F,1
194,06,17,F,1
195,06,17,M,1
196,06,19,F,2
197,06,19,M,2
198,06,20,F,2
199,06,21,F,8
200,06,22,F,43
201,06,22,M,47
202,06,23,F,29
203,06,23,M,22
204,07,00,F,6
205,07,00,M,7
206,07,01,F,2
207,07,01,M,7
208,07,02,M,13
209,07,03,F,2
210,07,03,M,8
211,07,04,F,4
212,07,04,M,19
213,07,05,F,4
214,07,05,M,6
215,07,06,F,8
216,07,06,M,10
217,07,07,F,5
218,07,07,M,12
219,07,08,F,30
220,07,08,M,13
221,07,09,F,33
222,07,09,M,39
223,07,10,F,14
224,07,10,M,22
225,07,11,F,22
226,07,11,M,12
227,07,12,F,13
228,07,12,M,6
229,07,13,F,7
230,07,13,M,24
231,07,14,F,10
232,07,14,M,18
233,07,15,F,6
234,07,15,M,23
235,07,16,F,3
236,07,16,M,15
237,07,17,F,9
238,07,17,M,223
239,07,18,F,7
240,07,18,M,68
241,07,19,F,11
242,07,19,M,30
243,07,20,F,11
244,07,20,M,21
245,07,21,F,12
246,07,21,M,20
247,07,22,F,15
248,07,22,M,35
249,07,23,F,4
250,07,23,M,21
251,08,00,F,8
252,08,00,M,3
253,08,01,F,19
254,08,01,M,15
255,08,02,F,10
256,08,02,M,2
257,08,03,F,6
258,08,03,M,4
259,08,04,F,5
260,08,04,M,4
261,08,05,F,4
262,08,05,M,1
263,08,06,F,2
264,08,06,M,5
265,08,07,F,8
266,08,07,M,6
267,08,08,F,3
268,08,08,M,7
269,08,09,F,4
270,08,09,M,9
271,08,10,F,11
272,08,10,M,30
273,08,11,F,42
274,08,11,M,21
275,08,12,F,5
276,08,12,M,1
277,08,13,F,6
278,08,13,M,4
279,08,14,F,71
280,08,14,M,13
281,08,15,F,41
282,08,15,M,9
283,08,16,F,7
284,08,16,M,14
285,08,17,F,1
286,08,17,M,7
287,08,18,F,20
288,08,18,M,41
289,08,19,F,9
290,08,19,M,20
291,08,20,F,14
292,08,20,M,8
293,08,21,F,53
294,08,21,M,2
295,08,22,F,55
296,08,22,M,41
297,08,23,F,9
298,08,23,M,13
299,09,00,F,39
300,09,00,M,94
301,09,01,F,21
302,09,01,M,20
303,09,02,F,41
304,09,02,M,21
305,09,03,F,30
306,09,03,M,35
307,09,04,F,9
308,09,04,M,29
309,09,05,F,25
310,09,05,M,4
311,09,06,F,22
312,09,06,M,1
313,09,07,F,33
314,09,07,M,6
315,09,08,F,17
316,09,08,M,31
317,09,09,F,64
318,09,09,M,9
319,09,10,F,43
320,09,10,M,35
321,09,11,F,125
322,09,11,M,48
323,09,12,F,23
324,09,12,M,82
325,09,13,F,46
326,09,13,M,18
327,09,14,F,108
328,09,14,M,51
329,09,15,F,51
330,09,15,M,24
331,09,16,F,78
332,09,16,M,28
333,09,17,F,16
334,09,17,M,3
335,09,18,F,71
336,09,18,M,83
337,09,19,F,64
338,09,19,M,86
339,09,20,F,89
340,09,20,M,23
341,09,21,F,41
342,09,21,M,21
343,09,22,F,152
344,09,22,M,98
345,09,23,F,50
346,09,23,M,36
347,10,00,F,1
348,10,00,M,10
349,10,01,F,4
350,10,01,M,1
351,10,02,F,27
352,10,02,M,1
353,10,03,F,40
354,10,03,M,3
355,10,04,F,6
356,10,05,F,5
357,10,06,F,1
358,10,06,M,9
359,10,07,M,15
360,10,08,F,1
361,10,08,M,5
362,10,09,M,2
363,10,10,M,6
364,10,11,M,2
365,10,12,F,5
366,10,12,M,1
367,10,13,F,4
368,10,14,F,1
369,10,15,M,16
370,10,16,M,1
371,10,17,M,1
372,10,18,M,3
373,10,19,F,2
374,10,19,M,10
375,10,20,F,2
376,10,21,F,4
377,10,21,M,4
378,10,22,F,26
379,10,22,M,26
380,10,23,F,10
381,10,23,M,4
382,11,00,F,19
383,11,00,M,6
384,11,01,F,15
385,11,01,M,3
386,11,02,F,35
387,11,02,M,10
388,11,03,F,33
389,11,03,M,16
390,11,04,F,40
391,11,04,M,3
392,11,05,F,3
393,11,06,F,1
394,11,06,M,3
395,11,07,M,27
396,11,08,F,2
397,11,08,M,11
398,11,09,F,2
399,11,09,M,16
400,11,10,F,1
401,11,10,M,12
402,11,11,F,1
403,11,11,M,8
404,11,12,F,3
405,11,12,M,5
406,11,13,F,4
407,11,13,M,87
408,11,14,F,3
409,11,14,M,15
410,11,15,M,25
411,11,16,F,2
412,11,16,M,5
413,11,17,F,16
414,11,17,M,11
415,11,18,F,5
416,11,18,M,33
417,11,19,F,10
418,11,19,M,22
419,11,20,F,14
420,11,20,M,2
421,11,21,F,12
422,11,21,M,9
423,11,22,F,30
424,11,22,M,40
425,11,23,F,16
426,11,23,M,12
427,12,00,F,2
428,12,00,M,7
429,12,01,F,5
430,12,01,M,19
431,12,02,F,2
432,12,03,F,7
433,12,03,M,2
434,12,04,F,12
435,12,05,F,3
436,12,06,M,2
437,12,07,M,1
438,12,08,M,4
439,12,09,M,3
440,12,10,F,4
441,12,10,M,3
442,12,11,M,4
443,12,12,F,1
444,12,14,M,1
445,12,15,M,4
446,12,17,M,2
447,12,18,M,4
448,12,19,F,1
449,12,19,M,5
450,12,20,F,11
451,12,20,M,2
452,12,21,F,2
453,12,22,F,16
454,12,22,M,34
455,12,23,F,7
456,12,23,M,3
